0 1 26 10 2 2 1 16 2 19 11 3 1 2 2 7 3 1 8 5 2 1 2 1 1 1 1 9 6 
0 0 8 4 3 1 2 7 2 3 1 
5 0 7 4 7 17 2 1 8 1 
6 0 8 1 3 11 9 2 1 20 2 
6 1 27 5 3 4 2 3 4 8 2 25 14 1 1 7 3 5 12 6 4 10 7 7 2 6 5 1 11 12 
7 1 10 2 12 1 2 1 1 4 3 2 5 
10 0 24 12 4 3 3 26 4 8 19 7 22 7 1 17 1 2 10 6 13 5 5 14 1 2 1 
11 0 2 2 3 
12 1 4 13 21 2 3 
17 0 2 4 6 
24 1 8 5 1 1 9 4 5 12 5 
32 0 28 4 2 1 2 1 6 3 14 6 4 3 2 3 1 2 9 1 5 7 4 6 2 2 8 7 1 11 3 
33 1 28 6 1 11 4 1 2 5 5 8 15 1 2 2 3 1 4 2 2 2 4 1 32 7 10 2 2 4 2 
34 0 28 3 3 4 6 2 5 5 13 2 5 8 2 3 5 2 37 19 2 1 4 1 2 4 7 1 10 8 5 
36 1 19 1 14 1 1 8 1 8 11 7 2 6 9 2 6 3 1 26 1 3 
38 1 2 20 6 
43 1 18 3 17 1 3 2 2 2 25 9 2 9 2 5 2 3 9 3 8 
45 0 7 3 1 11 1 4 1 2 
50 1 26 10 2 2 1 16 2 19 11 3 1 2 2 7 3 1 8 5 2 1 2 1 1 1 1 9 6 
60 0 8 4 3 1 2 7 2 3 1 
85 0 7 4 7 17 2 1 8 1 
96 0 8 1 3 11 9 2 1 20 2 
116 1 27 5 3 4 2 3 4 8 2 25 14 1 1 7 3 5 12 6 4 10 7 7 2 6 5 1 11 12 
117 1 10 2 12 1 2 1 1 4 3 2 5 
210 0 24 12 4 3 3 26 4 8 19 7 22 7 1 17 1 2 10 6 13 5 5 14 1 2 1 
211 0 2 2 3 
212 1 4 13 21 2 3 
217 0 2 4 6 
224 1 8 5 1 1 9 4 5 12 5 
232 0 28 4 2 1 2 1 6 3 14 6 4 3 2 3 1 2 9 1 5 7 4 6 2 2 8 7 1 11 3 
233 1 28 6 1 11 4 1 2 5 5 8 15 1 2 2 3 1 4 2 2 2 4 1 32 7 10 2 2 4 2 
234 0 28 3 3 4 6 2 5 5 13 2 5 8 2 3 5 2 37 19 2 1 4 1 2 4 7 1 10 8 5 
236 1 19 1 14 1 1 8 1 8 11 7 2 6 9 2 6 3 1 26 1 3 
238 1 2 20 6 
243 1 18 3 17 1 3 2 2 2 25 9 2 9 2 5 2 3 9 3 8 
245 0 7 3 1 11 1 4 1 2 
316 1 27 5 3 4 2 3 4 8 2 25 14 1 1 7 3 5 12 6 4 10 7 7 2 6 5 1 11 12 
317 1 10 2 12 1 2 1 1 4 3 2 5 
410 0 24 12 4 3 3 26 4 8 19 7 22 7 1 17 1 2 10 6 13 5 5 14 1 2 1 
411 0 2 2 3 
412 1 4 13 21 2 3 
417 0 2 4 6 
424 1 8 5 1 1 9 4 5 12 5 
432 0 28 4 2 1 2 1 6 3 14 6 4 3 2 3 1 2 9 1 5 7 4 6 2 2 8 7 1 11 3 
433 1 28 6 1 11 4 1 2 5 5 8 15 1 2 2 3 1 4 2 2 2 4 1 32 7 10 2 2 4 2 
434 0 28 3 3 4 6 2 5 5 13 2 5 8 2 3 5 2 37 19 2 1 4 1 2 4 7 1 10 8 5 
436 1 19 1 14 1 1 8 1 8 11 7 2 6 9 2 6 3 1 26 1 3 
438 1 2 20 6 
443 1 18 3 17 1 3 2 2 2 25 9 2 9 2 5 2 3 9 3 8 
445 0 7 3 1 11 1 4 1 2 
